>> v

v =

    0.4398
    0.4404
    0.4604
    0.4642
    0.4664
    0.4897
    0.5092
    0.5054
    0.4881
    0.4702
    0.4556
    0.4458
    0.4420
    0.4366
    0.4312
    0.4355
    0.4393
    0.4393
    0.4377
    0.4377
    0.4382
    0.4382
    0.4236
    0.4057
    0.4062
    0.4003
    0.3970
    0.3911
    0.3905
    0.3905
    0.3867
    0.3894
    0.3856
    0.3797
    0.3515
    0.3482
    0.3482
    0.3466
    0.3488
    0.3477
    0.3379
    0.3341
    0.3309
    0.3293
    0.3238
    0.3108
    0.2989
    0.2919
    0.2957
    0.2989
    0.3022
    0.3016
    0.3043
    0.3022
    0.2843
    0.2772
    0.2664
    0.2561
    0.2220
    0.2138
    0.2111
    0.2257
    0.2469
    0.2648
    0.2886
    0.3130
    0.3336

>> w

w =

    0.9545
    0.8835
    0.7545
    0.6495
    0.6045
    0.4835
    0.3835
    0.3485
    0.3685
    0.4345
    0.4755
    0.5095
    0.5455
    0.5845
    0.5355
    0.4905
    0.4425
    0.4185
    0.3875
    0.3525
    0.3185
    0.2625
    0.2395
    0.2525
    0.2995
    0.3635
    0.4165
    0.4745
    0.5185
    0.5315
    0.5165
    0.4125
    0.2335
    0.1955
    0.2075
    0.2615
    0.3335
    0.4165
    0.4855
    0.5445
    0.5025
    0.4335
    0.3735
    0.3185
    0.2795
    0.2505
    0.2805
    0.3545
    0.4115
    0.4685
    0.5105
    0.5695
    0.6355
    0.6765
    0.6685
    0.6335
    0.6045
    0.5475
    0.5065
    0.4965
    0.5445
    0.6155
    0.6705
    0.7565
    0.8305
    0.8875
    0.9145